23 2735 7455 4200 5285 2036 330 7479 5279 883 5062 5133 9023 1283 9950 4459 2139 2995 727 5734 9989 9841 5236 9359
19 6689 4475 8548 975 3585 9464 6026 9262 1256 9019 8753 2002 5784 5454 79 1086 9439 6433 1284
7 3090 4877 5189 9927 4476 2224 3528
6 1209 6139 1674 1276 2573 5891
17 6466 6662 1697 1986 4520 5597 6079 4000 7844 3283 4783 2812 9764 5798 1805 2814 5665
12 5018 3049 7428 5562 2769 7502 399 3948 8881 1163 5513 8468
17 9313 5615 530 839 6764 2000 2919 6597 379 4981 3592 5630 1073 8076 5975 2502 464
29 2519 1194 5282 9524 313 6893 9177 8560 7274 3901 9192 4539 9299 916 5102 8565 4373 3668 940 1594 6723 2929 3405 495 8087 4723 653 3812 7537
10 549 3990 7648 306 4811 2073 4057 7042 9677 5225
20 4525 6656 9691 3381 7962 3039 6187 9331 6759 3481 2579 8528 5467 1825 1585 925 9067 756 6242 6113
12 5934 9090 245 533 2825 2852 9948 4819 137 9006 2175 6517
25 4679 3119 3970 4356 9963 1220 7794 1271 9106 1709 129 4060 813 5152 44 7667 4152 5327 5673 9608 1522 7681 5312 8054 5672
7 88 6912 5008 2989 4690 2151 6527
11 7109 1421 415 578 7078 9644 7560 257 262 5573 7343
28 2465 9820 4455 5920 3906 8854 6336 6698 4328 1710 9370 4638 779 9724 5569 2729 171 9939 4165 4688 8907 5220 1124 7240 3505 9529 6899 9520
29 7957 7287 3601 8915 4020 922 2105 1331 4400 7679 2977 3731 2740 6975 5675 5419 8050 6229 6995 6564 4142 4463 5413 1128 9614 9993 2227 797 7115
34 519 7064 3849 8434 1550 1863 4615 5043 709 1937 8500 7422 4019 2477 698 9148 5167 2364 1056 6651 1103 9253 6055 9343 3486 5787 2170 4458 2847 8865 6573 1619 2878 8122
34 4309 3527 7768 1994 2856 3116 8176 120 3657 2547 508 1431 6641 5380 4460 4647 8627 1781 731 195 5703 5392 1806 8734 3922 182 9365 2638 1120 9711 4160 3929 5723 9476
19 5970 2589 9556 318 9872 9761 1023 2533 9398 2795 8230 2767 3718 5676 8337 391 1306 3562 8789
23 4839 1883 5698 6711 1628 3112 8615 4344 6359 1297 5709 2359 3508 7930 6531 6935 9257 1847 3126 2185 6364 2251 3259
27 5324 3245 5517 4225 9613 7847 8094 8996 8815 2205 857 194 5470 4739 924 6637 5430 1157 8837 5643 8867 108 6158 6994 9970 6400 9417
30 719 5352 4034 105 6161 1393 8225 2241 6447 1387 5259 3137 3511 3391 8473 6184 1187 1632 6071 9715 5767 1445 526 8036 648 5949 1602 1333 452 3643
31 606 3697 1100 5017 8747 5453 3215 1583 4274 5770 4293 4642 9141 4456 6642 2400 1946 5005 153 4597 7454 6362 1858 5506 8908 562 3109 5175 9599 5896 1562
13 423 5971 892 1221 2992 1797 7284 4439 4322 6918 404 6976 7458
18 1776 5948 9320 5516 3740 5069 1239 4888 2108 254 5941 9474 5537 2089 4420 1961 7123 710
15 6031 7097 559 3315 4244 2206 3421 4329 486 3836 3860 8098 3819 9759 4891
7 187 1838 6155 498 4396 6601 5982
20 6663 19 2520 4665 4285 3566 4764 1553 9928 5405 8659 8926 3425 4821 9810 6102 7897 8886 3889 1018
18 1066 8213 9191 212 1491 7494 4986 772 7941 4664 9074 1679 5708 8550 239 512 9868 6152
5 9504 9392 7855 4578 6960
11 2581 1411 8863 1918 8704 4381 288 5609 7752 6368 4941
29 5335 1227 3329 6003 1186 5751 6270 5457 1259 8257 3085 582 2923 8299 3841 213 6490 7292 771 2047 4118 7031 1749 6249 3143 5533 9465 4506 1088
7 8175 3333 8967 362 8276 5669 2983
24 1560 3596 368 4773 2024 5360 1493 9470 8439 6315 7371 7545 2149 5832 1719 5423 7279 6841 7509 7358 5753 9714 4977 7252
34 4758 5727 3176 9628 6634 8795 1733 7342 5861 2921 843 2829 3127 2034 3847 453 8814 4903 7853 3707 2903 5850 6611 9603 2066 8467 9606 7639 236 5544 329 3835 2968 6051
18 3817 4536 2915 1200 2497 506 3054 3760 3911 667 2905 7814 729 9307 3440 6258 2273 2163
27 3580 8158 2118 95 5620 7883 1557 6216 4593 6570 2797 8585 1787 8788 5127 4577 1483 9443 8168 8920 1958 8541 2421 749 7374 4319 4042
16 9256 9636 4709 2290 3230 446 7480 3804 9196 804 7938 5408 3069 7311 8980 1808
14 6252 984 1864 286 2842 7749 5670 6211 232 2121 9967 4890 7032 3827
22 1273 3540 9316 4686 5158 9100 2240 9639 9229 613 693 7620 5908 3352 5918 1021 8619 9525 9010 6300 7436 3987
15 7499 8787 6377 6154 5789 5961 7658 9746 2830 4149 6065 5230 6919 6342 2411
22 1867 3409 5369 4048 3750 9136 736 4442 2189 8475 5984 569 205 220 1615 6760 2998 3134 6458 906 1570 410
27 7965 7711 4233 4863 3615 1845 1537 7808 5021 4209 2808 2438 683 242 6604 4982 28 6224 687 2863 7593 9653 7484 8948 6322 4716 3618
27 6822 3294 2975 7666 4782 8831 6512 9158 189 4074 5909 1322 2068 9212 2712 1786 2380 6892 1916 4509 1126 4427 8398 2046 948 2134 750
23 2432 6794 8203 4720 7884 2207 7256 9858 8617 6962 4117 1429 4121 852 3489 9877 6628 5522 6609 4526 5149 2232 978
27 7070 4984 7927 8803 7193 3194 3181 5160 5465 4924 6821 624 2546 4971 1611 2617 2895 1032 2091 1390 4367 9339 1144 1645 2618 3043 4120
10 1178 208 2578 7134 3429 5608 4426 7488 7237 8563
30 3055 5808 6164 9640 9795 9116 4007 8951 2304 2652 3930 7234 2040 4470 6306 8961 678 2308 9509 4023 2911 2689 4952 1043 6317 4680 8770 6266 1732 8000
13 4742 2324 4084 8464 2651 2900 4123 6082 3465 8244 8481 6542 2939
10 8890 6910 6396 8471 3548 7526 2249 4808 3041 7600
33 6002 6529 7117 8835 2112 7692 1886 9381 3155 1700 5534 4278 8134 3799 2607 2452 3761 6366 3854 3907 742 8813 2354 2752 1540 2420 5736 9648 2307 5811 6514 1020 3302
4 8773 7940 692 4471
17 8292 8024 6410 9104 1272 9712 4990 7068 7176 1831 4317 229 9909 5415 8744 5543 6533
26 672 7140 5500 9286 6563 607 3940 1859 2885 4227 3314 6345 395 3474 7967 9205 103 2670 537 8325 3599 7505 7800 8608 7826 180
18 7475 2296 3572 7465 9254 4411 9750 3720 5845 9007 7878 8137 2130 9354 4446 2770 325 1134
28 8477 3918 2230 9926 98 982 4595 2954 6197 10 2710 5625 6444 5195 974 5810 2494 7895 1659 5555 755 539 2786 1514 6246 6257 8797 7036
20 5235 6502 5710 8448 3616 761 6009 4089 7604 8288 5302 8111 1289 7885 644 7611 1713 8019 3617 1425
23 6277 6189 8979 41 2305 9511 3370 3818 952 9028 7207 1417 1643 5610 1747 7757 7798 4902 7397 6704 9211 7027 8422
31 2720 6654 9495 3816 3885 5678 8367 4713 178 6579 7805 3843 7569 7931 3862 8871 3846 538 2532 414 6047 8748 6528 4997 1342 904 7157 4640 5410 2723 9723
17 9409 9046 6004 9696 4202 8995 127 4756 7169 4528 2302 5432 1173 491 6390 1552 7522
14 2920 1447 8277 8410 2235 7628 529 7019 3261 7515 3895 3584 280 9287
20 4094 9733 9595 6879 7630 3521 7047 4438 7892 4108 1506 4864 1798 5270 1467 7281 9773 980 8949 2597
29 3629 190 6875 419 9804 5674 7730 4130 4398 3133 8296 3621 4767 1461 3115 8212 518 6578 9489 6668 6646 6194 8781 3355 9772 762 5950 5953 5063
29 677 7293 9306 9744 6523 6196 6272 7745 8245 2439 3625 5986 2596 3389 6276 2030 309 1708 630 6545 2747 7951 7888 9953 2853 5434 7481 5547 4592
29 3607 9405 2335 168 9289 942 4503 8990 949 8316 2874 3231 1466 6571 6684 2084 7192 609 1769 8931 5791 1824 7744 9124 3658 1290 1677 4332 5296
18 9679 696 8892 2518 6454 5187 3636 9645 2556 9482 4828 9328 5039 7266 4770 670 2414 5071
12 1097 8630 7319 3066 7668 4450 9346 389 1940 9745 3591 4241
20 5497 8965 5382 6763 2685 5801 7247 9096 7786 781 132 6592 6673 2637 2650 6019 5831 1204 2550 9567
26 9752 6485 6068 3866 6430 1365 1250 9964 4433 355 4111 4840 9302 5385 7635 1457 6561 207 3153 7305 8340 6214 6087 6750 6323 3588
9 6670 7612 6741 4875 483 6538 2776 4027 6441
23 1757 7114 3989 7243 1252 4035 1676 4163 9849 6181 6581 7510 7536 8318 7982 7299 3695 2792 5634 1080 2858 9650 7432
18 5440 7435 2523 9382 8653 8546 3905 6775 3699 9378 9643 1740 283 6777 1696 7848 1498 8730
11 9514 5227 2742 6409 4291 2927 6809 9364 8782 2156 4796
36 2571 9166 2293 565 5240 5917 6078 4371 7761 7829 716 544 6140 3210 282 6778 800 9080 6810 7095 8135 7023 1446 1793 179 7269 735 2671 8765 1161 9721 8120 1658 9545 3402 7714
10 563 3338 8220 6243 1067 6285 7772 5854 5977 7058
16 6381 1406 7314 35 7438 9604 9731 3247 2648 4689 7806 7453 5883 2289 9390 7025
27 9003 5218 513 5120 846 6825 7933 5087 3790 4104 5559 7077 1275 4549 6459 9748 8317 6999 4961 2342 619 7771 1035 9336 7154 443 1015
28 3549 1637 9401 5541 8614 2464 4749 1968 4872 9822 9896 2417 4561 6038 5548 4992 1033 5840 5997 6394 7242 7405 5776 8114 5618 4865 5538 1642
4 4601 8227 1582 5886
31 7657 9864 1245 1745 9962 7301 9496 5076 3859 8026 9790 3753 2765 2850 9879 1953 4155 4370 9531 7908 6014 3010 3814 1219 9350 4859 4041 8279 1936 5198 1931
15 2015 211 5426 6178 1476 275 4002 5692 5715 1027 2376 4545 7524 231 1951
15 8708 4873 8715 7255 656 4659 3958 2126 2675 5809 8239 8431 8917 8284 7061
25 5860 3708 4965 7587 3449 5104 77 5271 386 7721 5993 6937 4964 9683 1782 2446 2336 5935 1153 8707 107 2094 7565 7968 9977
10 7270 7113 4353 1820 4394 4264 4312 3824 1087 6518
30 8758 3430 5351 146 5724 2602 6331 2048 9038 4014 1048 9321 7352 5326 4845 6790 2666 5261 9115 2562 4222 4402 1334 3771 2252 4896 86 3518 2243 4793
35 9847 8458 9813 9105 5303 9949 4930 4384 1062 636 5481 6728 2506 8150 8524 2348 9584 914 909 4341 3282 7841 7747 2223 7378 307 4611 9668 5207 4277 2200 9176 7950 5939 8377
26 2883 6745 5756 6805 6832 6925 6751 9361 2444 7865 2437 7507 2950 5080 1610 6289 2487 8913 927 5010 7087 5119 7035 8943 7943 4725
12 9913 5954 4704 704 5374 8809 9687 1922 301 2697 6348 9638
9 5445 7687 7224 2605 3058 2250 5091 9569 6288
23 9976 2424 2422 6836 4703 830 9182 6480 8860 5915 8801 8237 8307 5999 4906 2768 2004 9017 7294 4210 9312 1007 1022
11 4078 739 9666 6420 9002 8937 1686 7387 2095 6344 1855
22 8310 7810 7585 2783 5054 2781 921 6188 5995 7894 7508 8562 9983 3672 3372 5139 4912 4970 7583 5589 6230 4325
22 6916 3546 3891 47 5627 2178 6719 1862 1101 462 4714 1531 2901 6443 7147 7264 2727 1285 1823 7289 2441 2897
21 4008 7186 1251 9830 9654 378 8273 2044 7171 3867 4853 8864 2402 5864 9709 9269 5575 5780 5471 1084 2888
22 9888 3655 1030 8338 3375 1627 2741 5853 3098 2045 3896 4834 1532 2179 4856 461 7645 6437 2580 1320 6129 3491
29 6263 1384 8370 3105 2338 6402 7135 2128 4347 2011 4550 1176 8692 3139 7718 6733 4368 227 1606 331 1083 62 995 8389 9371 6112 8526 8490 7825
29 1305 2603 8774 5829 7380 225 5124 7778 2229 680 8344 7285 7543 972 5016 8732 1554 6372 8985 7160 5345 2423 9369 1607 7485 5931 321 181 2818
9 6815 1407 2143 6327 4658 6814 5366 6544 5334
21 3307 9935 277 3632 3026 1106 617 9475 3290 3669 4147 8186 4685 9421 515 9767 7781 3374 2678 3303 4417
26 303 7198 7379 8973 4441 3305 4211 7271 9230 7368 3893 2762 4681 420 6175 356 4565 9318 9201 6928 9891 2136 4339 2836 1226 240
26 4071 6150 2539 6567 7253 5409 2119 3974 833 7614 724 8760 2218 8025 8074 6387 256 5389 8922 9978 7979 7053 8124 3670 6588 6018
20 2316 1784 9503 615 6818 2663 7682 9186 8478 9034 3350 2631 5277 2976 4795 7163 1077 8701 3671 9792
21 1335 3005 5049 3200 6742 9190 233 3635 2447 5122 3711 548 7056 3563 5926 5177 2623 3107 3080 4364 5749
28 2917 1605 6053 7000 4297 8530 102 6989 6716 9612 7080 3845 9264 4043 819 7328 8496 1229 7050 2823 8569 3633 2806 3923 4556 3514 8210 4091
18 8731 3257 3068 6012 164 92 4913 2270 7014 4406 5042 3593 9780 6583 8623 1731 7527 5150
15 8878 8274 2916 8609 5952 106 3086 628 6732 9597 6302 7836 9895 424 2709
21 1138 6135 7355 6904 5862 4335 2688 9855 7852 3217 6050 6100 8409 6256 3942 390 6991 7391 2408 6358 8119
26 9619 8711 867 2893 5083 9292 6970 929 4512 8381 9092 4351 2222 8466 1616 6852 3034 6599 3626 1408 6334 5311 398 9097 7111 2271
20 7013 9231 9718 2190 7063 8361 484 1171 4748 1241 3293 5075 1600 3517 1974 291 5407 7300 7059 3903
22 2061 8736 2957 7876 2212 7139 6835 7582 4216 764 7675 5726 8861 6627 7126 2750 2165 8612 8178 8002 2090 3569
18 5086 8932 6786 4349 665 7190 6182 9033 91 8970 967 7493 6515 8572 706 4741 1935 8727
34 4058 5237 9559 3602 172 5503 3721 3345 1521 1211 7830 1199 3606 2694 7130 4486 6130 8997 2358 5456 6626 9245 4095 8712 5775 1133 3460 3184 5644 5162 8008 1542 2772 1558
17 4618 8029 2511 718 3840 4065 2693 2621 6231 4279 293 7273 4974 2099 8364 7586 9765
17 7929 1013 1869 989 2639 9135 8555 9570 1311 4871 4937 6548 2504 214 5484 1140 3755
18 5300 3236 874 135 950 6703 908 8160 65 1591 1236 7999 3689 3198 9193 988 336 4949
27 1315 8557 4164 4246 6749 3220 9202 4605 8101 9232 4939 2534 5172 3141 122 8009 5274 9183 5186 363 2469 5229 9534 1484 5974 8942 218
12 9707 2297 3729 2186 8972 1379 5657 5022 7906 6988 7487 1242
21 7429 7028 6756 4830 9751 3102 6587 6374 1016 5317 1519 6823 5943 7615 6027 9049 1093 2540 4268 1336 8414
17 7861 7864 873 6319 6855 3659 1265 5590 571 9885 2195 2474 6717 418 8275 4846 8594
24 4059 666 7534 5373 8872 5976 2062 2431 7402 2451 4529 5000 8180 5750 3254 810 1095 1419 8363 3853 9637 1210 8480 5819
28 5192 789 7248 2934 4940 1355 4063 5914 6363 6290 4266 8811 8779 125 8873 534 7179 9578 8676 2980 8600 5151 2855 5342 4641 5436 3928 432
22 7936 502 3047 5428 5766 7777 8719 2088 8287 1370 7144 7945 3018 2521 8183 8558 3971 9876 8522 3797 5044 9013
30 5299 1170 6168 2973 1503 2731 1281 3759 649 9228 2760 4221 6726 8903 6137 9863 5032 2873 7753 8162 8709 6666 6287 7489 6914 6881 472 2312 6271 4311
15 6783 477 3461 3490 4657 1693 6643 3482 9284 4249 2373 7796 9592 958 1000
16 7401 8484 3024 6265 3795 6340 9617 1453 4617 6098 5451 3673 5256 9975 7383 7206
14 4855 1414 5466 326 1508 8110 6280 4256 74 4857 2346 5813 4054 1115
30 7463 8489 4635 3411 8856 4587 6584 8876 64 8909 8687 7573 3765 6223 2370 6423 6235 3145 9471 7706 8702 5754 6015 3040 8211 1701 6853 406 2276 3883
9 3167 3358 1670 7728 9580 9005 9840 6086 820
13 273 567 7804 8819 6395 5707 1216 8452 7181 2606 70 7450 438
34 3444 1228 200 6718 9625 2323 1762 1746 6283 6367 886 7726 8830 4358 2636 6977 1072 2350 5288 9605 1036 7302 5671 2097 2655 8201 2886 3238 8196 4778 9178 2609 1150 1212
14 769 8783 7677 3512 9042 7785 8030 3122 3829 2907 1695 5103 4631 4646
13 3696 9109 7048 1330 2054 2125 7599 1622 5525 7288 2860 798 3088
27 9305 3276 6159 8254 1601 8187 6244 5437 2025 202 3597 134 8988 6854 2360 5635 1947 3634 5126 7540 60 3140 8082 3111 3286 2055 5731
12 9563 699 7638 4826 1685 9127 2394 691 9655 847 9377 1452
30 2247 5491 3947 5816 2352 9118 4021 6247 2291 2164 7145 2645 458 8366 4789 2837 812 694 7944 2466 5696 1661 4284 7295 5130 1801 2843 7303 6295 807
32 4377 8149 1530 4502 6645 8035 8243 8869 5033 6930 6727 6094 7149 8140 1736 3503 4870 9170 2826 4462 8362 2757 9271 289 3265 9781 6944 2318 8405 3872 3781 2865
27 6412 8425 4194 1518 507 5830 5951 7837 8062 6932 3811 5163 1282 4777 5211 9460 8829 4012 3074 3927 5788 8626 1329 1683 323 5446 1439
28 713 9406 4112 5699 9735 4403 4119 7503 2867 1692 1598 4125 776 4378 3182 3813 9239 8233 3694 5531 3412 1759 2604 9266 1287 6350 1300 7986
18 2135 7156 965 3717 4376 8128 376 3784 826 2260 1943 5567 4159 7609 8031 4265 7015 722
13 2949 7108 6630 5394 7809 1129 1158 6401 6147 9025 3347 8870 4662
13 700 3651 6669 3605 4938 6647 1480 8645 2234 3225 6687 9467 2669
31 8703 9649 3368 951 6446 7663 8167 2072 7873 9980 7822 1069 1012 6898 4768 8755 600 1763 3996 1373 664 4375 466 7776 3886 2064 6310 2940 6212 3631 6766
34 117 3197 4575 6245 3453 1215 9466 1523 8984 8214 5879 2057 3722 2805 285 5607 5448 344 8068 8234 7421 9094 5980 3431 3983 7617 6872 1141 4897 759 3535 1293 1456 3014
15 3442 4781 608 7602 3445 6023 6251 6172 4236 4677 1433 9152 8437 7362 8147
18 5137 1977 2377 8800 7770 2898 1292 1774 2498 5031 6540 9933 851 8966 4571 6219 2029 9515
24 7913 3475 2181 7364 7411 1169 514 7769 3507 9444 1761 3130 3241 7734 9400 5921 866 8900 3810 6281 5439 9454 3369 5254
31 6695 658 6304 7102 2577 8504 9737 8667 193 6885 4772 7904 9079 4712 8294 4771 3353 3730 6487 9932 746 3978 9323 9875 5718 9146 790 8352 9215 8874 8543
23 1543 2738 4467 7483 3404 3939 7551 3700 7168 3567 2199 9351 5 3681 2643 1288 5399 7955 8265 2277 3611 8499 690
30 6831 8302 1121 1260 3398 8379 2527 2415 6041 6389 8741 5061 2154 5904 9946 9783 7354 6709 1678 9856 2701 9854 5800 7089 3084 1347 2038 1652 7375 1923
18 6901 3826 9627 3544 4613 2600 1884 4485 7043 4006 3297 1374 14 7978 9024 5363 3679 6191
25 6403 1949 7477 553 2809 8182 4675 5210 1905 991 9293 4198 8172 5110 5200 6328 3413 4580 5812 9922 4886 5661 8424 2658 465
30 3156 6404 8978 3875 1580 9179 7732 1738 5603 1299 2972 1638 3963 4096 6488 2345 7403 8115 1298 8354 1775 9016 6878 4917 848 603 3558 4419 3887 1038
13 2384 6793 7556 9583 717 3504 8762 1969 1127 9259 5474 3965 4929
35 8518 3249 661 4299 8868 1667 3082 7816 3746 6865 5221 1871 4582 4217 9428 999 7720 7091 1715 1337 5165 3094 3456 5121 1868 9540 845 9499 4350 8690 4531 8674 9396 9227 6148
19 5769 3147 8493 4866 1264 912 7259 8268 5002 4259 4710 6552 2582 5084 8056 1092 6577 9552 2951
5 9393 1492 1002 3685 1339
23 7040 2166 8786 6220 8042 7209 9972 4636 9624 8603 5462 7793 151 1911 1714 1597 9163 9704 94 1388 4448 4524 4557
11 3855 7993 1142 5957 1460 8173 2368 3648 1376 8319 5003
19 1515 8262 3291 412 238 4730 5851 6145 6906 4030 8061 5185 6501 3376 4 1254 6045 2691 8503
19 3371 7129 7546 6550 9341 708 9539 2866 17 5877 4484 4412 6993 5588 2785 4650 8552 9747 9304
18 1992 5743 8462 4153 267 9037 1441 1182 4588 5190 7385 9197 5928 6661 3484 3890 7182 8877
3 9325 5991 7678
26 9675 1803 2184 5725 6839 5073 4062 6888 9884 3031 1876 5729 7418 963 4831 2311 3815 9093 577 3020 165 7964 6028 5024 7649 1682
3 6198 7325 1546
25 7928 9402 4624 9353 7152 853 7558 2969 6566 8125 3691 1368 7755 6939 4718 7298 1827 3178 1657 4461 7942 2574 8240 2879 89
8 8670 8345 50 5966 8738 7327 3331 8824
25 6807 1438 3865 284 8681 3879 7203 9846 674 6589 252 3450 6806 7689 3547 1875 384 4144 2443 4333 7530 7079 2628 7215 1427
15 4435 7471 3334 9702 7245 1631 5238 8851 8266 4086 7909 3749 6933 1938 2902
7 2009 4428 7406 1904 1 7110 5821
32 8640 5213 7792 1313 6842 9164 1835 871 7275 6297 4204 4443 366 1132 1011 5655 3078 5772 4201 3048 6934 8914 340 9399 2294 966 3520 1826 9771 9782 9389 3941
15 3869 1323 9602 9633 8991 9681 1902 6213 97 7122 5141 5596 9120 2593 4127
14 9449 2031 9419 66 7278 2406 4858 9268 2052 9333 7672 4135 9867 9360
28 4307 1512 8832 3739 7882 9062 3228 5700 387 8064 3323 5249 5577 9510 732 1566 5168 1572 5330 2255 5930 6489 8095 3698 6445 1147 6273 4542
17 3253 1372 9267 9252 3330 2789 63 9001 1720 9295 9957 5266 1044 2946 9294 302 1114
32 375 6329 6206 199 1729 4481 9546 9394 5100 6746 7680 1123 6622 1988 5558 6858 4694 8833 3455 3897 7447 2367 5339 551 5945 1028 3312 2133 7974 9827 2353 3975
25 8329 3640 6200 9657 9457 3117 3524 4989 550 5247 2938 947 7195 9894 5140 3118 9108 1426 8411 7559 5637 5790 8222 976 4239
19 474 4706 209 9251 6397 6432 4218 4148 8776 4146 5142 1262 3792 3884 5685 911 8898 1261 5232
14 5868 2538 3510 2896 7208 552 1181 9070 9249 1836 6568 3876 1366 1956
24 1105 1111 422 8806 2790 9837 3146 1584 6201 9157 6774 9384 8958 2242 4385 8592 8944 8769 5927 2490 6731 3280 8417 3638
24 1040 7116 9469 3050 8989 3663 2482 6871 4326 9075 8827 9089 6134 6808 4884 5092 964 8360 5026 6600 4303 9451 8722 3478
28 222 8290 8784 210 1910 5344 6491 5356 1752 8148 1612 2042 5730 2396 333 3359 6996 5910 3706 8679 2491 783 9168 8613 5508 1202 5416 4243
18 1005 7320 2455 4482 895 9537 2745 1846 2966 1716 2630 3877 8576 8673 6522 5482 1042 6090
32 9550 3325 7762 118 4792 3851 8533 4787 865 7624 4248 1771 434 6146 3980 7021 3674 7238 4251 9661 4721 5786 971 4814 5065 5836 9596 9960 3185 1510 5865 7049
26 3555 9347 5089 6360 3915 8155 8259 9742 3623 8486 9073 1008 2104 8017 918 2109 5191 6308 4188 8621 9506 4369 1025 9826 2050 1545
17 1135 7194 5568 1965 198 4386 785 3662 2575 1358 900 2310 1258 6084 9811 557 3613
8 3578 9763 4492 5898 7736 5551 2337 9530
24 5424 1609 4935 7446 4115 8194 380 4045 821 4397 1944 235 4892 614 7860 9911 9431 5117 184 3956 3577 8347 8577 1626
13 5693 9852 4109 2717 2330 1470 9987 8289 4899 4138 5889 8350 3204
10 84 7948 712 6464 9446 6461 3871 1694 4432 5108
31 9140 3148 457 2382 7246 6133 1189 9516 7629 9324 1934 5314 433 6375 3561 9091 1850 139 985 8778 8060 8322 5197 1526 6700 5095 8278 5688 4129 2221 3712
23 4894 3579 7779 3904 319 7566 4533 9225 1753 3916 5796 5468 1707 8885 7338 3844 5745 360 8083 263 2659 1646 6314
30 920 4387 8328 3083 4250 3270 9065 1346 9809 4105 3227 2272 5001 9998 1624 9077 5728 5278 42 5530 4518 5823 1520 8423 6701 4598 4075 1893 8070 488
25 6706 7891 7373 7686 645 4099 2505 6737 7316 7727 3757 3710 9420 405 1882 2269 3187 1933 9588 8090 8602 828 5318 4286 7057
27 9799 2233 3773 6029 6316 2686 5433 7282 7457 599 8373 1539 1834 6042 2859 7521 8720 2499 8393 7084 4926 9200 9522 2615 2007 6453 994
14 203 3767 264 784 9069 8836 3954 7008 176 9775 9198 616 4841 4005
18 7956 1860 4421 8146 3666 9738 6222 5452 2412 7992 1549 185 944 7349 2764 7758 1191 4158
20 2559 5387 4184 1240 2570 6357 5375 6956 3952 7187 1198 3157 5486 9508 7990 1064 1892 3727 3934 9326
19 5717 6884 3426 3191 2060 3435 5695 3451 6237 1644 523 1589 2393 959 8253 8332 3880 1437 7173
9 2695 4885 5983 932 8982 5604 3035 1343 818
32 961 4583 1588 8536 4141 7092 2696 9684 9234 8263 8075 8945 9859 6114 8749 1217 6612 7101 9250 9050 2728 3089 6791 5834 7437 2564 4079 3012 8166 3690 9915 8847
29 372 1113 9806 2216 4245 1587 9035 3364 353 4113 8494 7987 3610 7823 7866 6824 8745 703 8549 605 1849 4230 4408 6411 2730 68 6768 3224 7742
23 7952 2357 493 290 8575 6638 7912 5701 2667 2525 1193 808 1464 6203 6769 8821 1650 4025 2646 7408 3705 7641 2300
15 3654 5284 5502 2237 3516 3881 5331 6074 9591 9296 430 4790 4799 4649 8957
9 768 5060 730 9757 8796 4585 8306 6521 5059
32 24 7889 4833 9045 4733 8768 633 1436 2388 230 4907 8450 5442 1800 8624 4382 4190 859 5681 8656 5479 3472 3917 7589 681 7024 8647 5505 7676 4479 3021 6467
11 4090 4693 3362 5417 7750 4033 5444 2131 7625 8053 2586
15 9084 3608 9072 6556 4235 8875 226 2003 7851 1848 8866 6614 4390 4987 8884
28 2869 2536 4196 439 3594 6101 7811 2115 1504 2315 1590 9881 8649 7363 5793 359 6629 441 7030 5438 468 4548 1442 3488 7751 7390 6365 6870
11 8962 109 5890 655 3966 3433 9897 2543 3751 928 9824
21 2356 7398 5006 2399 1777 832 8191 2673 3785 9388 2314 799 4114 2281 9022 7842 2978 9181 5979 9600 6817
10 4637 6123 5480 9798 8132 5897 7606 7517 5147 7146
18 4150 9985 2881 3414 8188 5576 6081 3909 987 9000 6238 4052 4180 7702 8519 431 1887 1569
20 6115 817 7347 3986 6908 6655 2960 6543 9403 6049 6690 5338 8145 7983 2219 5431 4670 4267 9834 5404
11 3988 7180 1363 3614 2486 6725 5037 4133 2862 9558 2794
16 5885 3575 3910 3108 2967 4806 4544 348 5557 3469 4498 6591 3028 1225 2848 7017
7 311 3539 6644 2914 5697 2169 8611
31 4379 2714 2074 782 3051 8353 2640 7729 8820 7407 8928 2319 3186 3356 3300 2552 1828 6299 8729 2687 2202 8197 4766 7989 2145 6631 6534 7244 2010 322 9916
16 7399 5358 3092 8554 7442 6119 1146 1706 8946 4363 7917 3576 8152 9484 8561 5370
15 541 3311 1208 1416 1767 3979 7419 8516 1839 1107 2918 4943 3464 1185 1998
18 7561 6457 481 6128 4602 3038 9710 7636 4300 244 2810 388 4301 4337 3713 3627 7002 3298
27 4143 7020 5771 2440 2982 6024 8412 5260 8229 5014 2366 8492 8218 1814 4925 5498 6551 7902 9642 7105 2193 8156 9674 5587 9334 5390 6613
31 568 627 8224 3921 3420 5291 8665 1985 8018 2565 2397 6268 3556 4851 3574 5992 9533 8199 2563 3820 5490 2204 4380 7054 9786 2488 110 1377 298 2148 8057
18 4494 5875 5295 4869 2140 8298 2173 9817 6610 7359 7995 4812 2080 49 5633 3863 5253 7433
16 8950 8739 8382 6069 4137 5371 6980 8822 6720 8894 1927 5348 2196 5159 8723 4695
27 6228 9452 3188 5711 1474 3418 3062 3258 1930 7712 8063 9376 1041 863 5292 6940 5401 4678 2428 4275 7839 6373 6959 6035 7733 3857 9829
25 622 2838 5214 5955 5779 4024 7263 7216 7150 2264 4559 4898 2793 8525 3132 6516 9422 3171 5938 4354 9601 7496 4383 5973 4047
20 1833 9920 1223 6710 1634 7386 4966 1246 7071 9126 2435 1957 1380 7083 9383 4392 5057 669 7241 7201
29 6541 2748 9011 6856 2470 9429 907 4477 6460 342 8023 3977 714 1791 2129 6083 8933 6431 6949 9807 4183 5781 4510 8441 4968 7985 234 4145 6278
18 6961 8020 9012 9297 9634 4101 1381 25 1730 1205 573 4261 9063 8515 2301 3172 796 835
8 29 726 2718 9921 3733 7518 6170 5631
10 1664 9473 8574 7580 6474 2409 6580 7746 7693 2053
32 55 5858 6450 1326 4493 494 1458 2875 934 3570 8460 2715 473 4535 6469 3351 8129 2093 6776 5524 6091 6233 4488 4022 7476 4271 3500 5459 4553 5629 792 3723
20 9523 4208 9255 7196 4017 5526 8407 3782 2909 3308 5176 2854 689 4044 1317 4881 4004 9914 5616 9673
31 9216 4546 2642 5182 6392 611 3366 7276 403 1081 2395 1309 1117 5105 21 2737 9941 1513 5827 3959 8977 4212 5924 1881 6153 6217 926 2625 9736 5666 805
17 9283 7329 6765 9925 8077 8537 1397 5905 1975 5435 5264 9123 8249 4445 1547 6507 4077
32 4842 4260 9282 4920 4973 8421 6346 9481 5792 7498 9303 7763 6953 1116 8841 1525 5605 5639 745 192 2801 1788 1662 6986 540 7307 1898 6840 7257 6559 3380 2529
7 2576 1773 8573 1997 6293 1817 2049
21 4948 6239 1206 5679 6378 4343 4357 4009 5320 2285 5383 3076 4110 3485 1172 525 4269 4563 2922 4220 8507
30 4346 2942 6804 6942 9512 2551 6132 6593 6248 2246 1071 365 4316 9355 7461 7260 8314 4407 7265 7233 8714 9468 8013 4672 4620 1764 5839 9589 910 7410
33 1888 6658 1524 7737 32 6048 896 9165 4331 3531 8694 7334 249 9571 4660 9112 1351 7124 1094 6072 7765 287 2120 8683 9521 6569 3415 7001 899 6981 5944 7881 7833
14 734 9996 364 7153 5677 5336 5412 8845 2815 7828 3950 7673 9573 7459
19 3149 2079 442 3199 5783 5799 9273 7555 2192 30 2958 7006 8027 7506 2583 2371 9555 7577 8994
10 7119 6735 7086 9951 3936 7854 4181 8726 2322 7760
18 4214 5359 9030 8766 9620 6927 6639 5170 3099 8956 130 6848 584 2796 6772 3237 6179 6686
18 7862 5377 9923 8228 4798 7066 1912 8339 3432 8511 1772 1058 8567 7608 1853 347 4719 2528
22 157 2641 2626 9144 5212 1873 753 2653 2753 2924 993 7903 3173 7490 9671 517 4915 6478 7012 2085 6948 923
26 2986 3758 9874 7312 8772 2799 2751 8992 9699 160 8336 8660 8358 5028 4422 3526 3715 4501 8589 6330 7268 3002 12 9753 6093 6221
28 297 6740 2649 9579 4944 1179 5329 6619 5768 6451 6064 6486 2021 8513 9386 5111 3595 8689 9059 9373 1076 4684 7959 7977 6676 9831 8508 8238
21 1978 8021 6202 7226 5650 2771 6422 5803 4699 2558 979 2557 6463 4700 8216 7834 8636 6958 7590 4750 3571
31 3103 9463 5535 9485 1755 8529 7642 4724 9288 3466 7857 8551 3661 3894 11 809 6816 9774 3161 9099 7100 270 5722 8802 9174 4707 5512 5109 5494 8451 6060
13 5341 8209 3779 1399 6349 7214 8080 3064 144 3033 59 20 5077
30 2912 7230 9845 8219 3583 5228 7856 8737 3434 1004 2846 5219 536 2804 9513 3501 3443 8127 841 104 8793 6520 556 7905 7696 8501 7112 3858 4416 4069
23 3281 6110 6307 1830 3680 1496 6399 1660 6757 4213 4566 2479 4314 6036 2945 953 5519 6176 6105 3935 4102 943 6080
16 5716 1630 4910 9487 1963 7994 7096 7633 4491 2043 8987 9908 575 8906 3828 2445
19 957 9137 8902 4016 2333 3493 6618 425 5099 1389 459 1415 9110 5313 2841 9490 7627 4746 773
18 6724 2899 2495 6352 4409 531 2831 2187 9101 1620 715 5074 5201 6059 9103 1383 8616 8596
27 445 3208 1995 2425 7662 39 8413 2065 8326 7125 2990 6332 186 4809 3684 4612 8887 919 2096 2372 1507 6193 1462 7052 2389 7011 7093
8 3693 9544 5025 854 8445 5660 369 5903
29 2020 6849 6192 5777 3783 4914 4555 7239 938 490 4055 2568 8544 8470 3234 1551 3004 5257 7038 2953 6225 5178 8046 4189 1576 2457 2253 5592 7700
15 8395 1593 6951 4107 6173 46 990 23 3071 8139 7228 8838 5011 1418 8808
12 2008 1984 9965 9349 174 1795 587 1809 8001 5398 7472 9507
31 8406 6199 5996 3073 7172 5234 9832 2613 1511 9132 1455 7984 7415 2191 6830 6897 3763 5411 9122 4765 4425 787 124 2496 9660 1174 5972 8580 143 6032 6124
28 5598 5113 4661 4807 9345 8236 1079 9242 5713 5962 2292 1166 6883 9607 6682 8976 8359 5136 5496 8010 7815 8663 1495 4600 6576 2326 6890 6127
37 3030 945 7975 7867 7698 7211 660 6089 8695 8164 485 4800 8798 2835 9785 5372 7570 5233 1291 9554 4950 3955 7155 7185 5774 4632 8012 941 2188 7850 7705 1599 1822 2824 9850 4923 2509
33 3471 6558 1959 7787 1046 8595 4552 6882 4775 9741 9838 8416 6605 4852 8383 7313 5805 2587 9663 652 1404 8639 4780 6770 4760 3683 9243 6586 8195 6011 5545 579 4374
20 7141 1024 5425 9562 5012 3057 9678 8523 5193 1779 7843 6596 5101 4921 37 9368 2632 8165 2590 6753
32 8102 5654 9944 448 6356 5267 7665 1443 9408 6476 9553 2548 5305 7132 5472 8126 8817 6758 1654 3023 2083 2524 4702 407 6343 4697 4927 4393 9290 4683 2926 1304
19 8840 6747 1564 8637 1792 7034 169 2473 9044 3926 4178 2616 9568 6177 2868 2880 8888 5563 1367
22 585 4414 2681 9815 6498 8955 5287 5045 1257 5564 6056 3007 3070 3295 7935 1029 6625 6325 6226 4262 6180 2887
33 268 5034 9385 8079 6034 7162 7344 6902 9729 4776 1960 8662 9593 3997 7351 5640 5421 7326 2871 7646 3013 9966 9404 7158 3162 2725 1952 3019 2492 6782 2238 4911 4490
21 4495 7553 128 8816 3842 8034 823 1263 6744 2749 7797 2872 9455 1049 2763 8964 2594 1301 3703 2203 4622
10 1353 9052 697 1655 9743 1529 9732 2567 9358 641
26 5406 9128 3317 1843 8791 354 8151 9833 8780 5070 6462 4543 9142 2713 5600 8725 4440 1854 5463 5053 6894 879 7069 2908 9172 8921
27 8342 2791 5540 5602 2999 2585 3530 5782 2037 6926 1420 1471 6262 7046 1990 2325 4500 3206 9959 2629 602 3427 7039 8859 4951 6417 1705
30 5649 3468 930 175 4623 9054 9659 5353 880 1075 7286 5981 9348 1310 7868 7076 1249 3920 8084 3226 5275 1481 2970 8267 6606 6715 1230 1137 5269 9906
31 7640 2123 248 5686 6141 8112 4862 5400 9652 6393 7167 3992 9919 8916 7531 4621 8258 1485 261 5826 4187 6017 9414 7644 3189 2334 8384 8232 8923 4823 8331
23 1528 8055 2198 5566 596 5662 9981 7010 2275 377 4824 255 1914 2535 5872 8400 4936 4603 7199 5863 9423 1385 5478
7 583 7210 332 5156 9209 2385 1880
32 2941 902 3603 7690 6398 5422 1232 2661 1109 3203 9889 9566 3798 5959 9056 4564 3428 7650 5763 6847 9594 6320 7970 5333 3769 8751 1829 7251 3838 269 8372 1344
20 8204 6924 3821 2537 9871 3807 9410 2857 9222 8610 7075 7947 7669 8282 5591 9749 7356 4156 3586 7404
33 3025 4959 2401 8521 3938 2635 2077 5135 8882 5837 2884 659 1364 76 454 6495 3142 2027 3223 3943 312 3273 9434 9690 858 3106 7290 9014 3422 4728 8677 6494 4424
18 1735 4511 8351 9575 7464 7291 7591 393 2283 5580 221 7202 7996 5876 3110 795 2544 247
16 5304 7704 4794 1908 8093 2754 4070 1623 6046 8893 4570 5599 3856 5682 5362 5758
26 4829 5815 8743 7817 5143 3470 1235 6505 8335 6827 1596 9725 3568 7547 2733 5740 9542 6828 191 4983 4554 5652 5179 4568 9766 8433
16 741 7512 1970 2261 3701 9375 7595 3165 7513 8843 320 7164 8807 6678 1119 8330
16 5381 8848 3991 3193 9843 6866 5705 7280 4931 1703 2522 5978 3914 8648 2032 9770
12 9979 8586 8198 9705 5511 8071 9609 4203 504 6354 2840 8260
16 8559 8459 3541 780 9314 7759 767 872 5081 8456 2827 2816 3388 1238 3229 8333
12 6321 5384 6532 2994 8469 7623 8215 5048 5224 5828 2463 5501
26 3743 8376 6296 3833 5593 2343 4072 6085 9758 5023 5019 7886 5420 4176 4513 9356 3060 478 6761 3492 6968 8684 3899 3762 936 1939
34 9581 2512 8207 1723 6966 3124 2706 6657 3499 3874 3271 4365 1541 8051 4454 4360 1885 7449 1434 9616 2028 304 3301 7997 7310 8925 9432 5814 5242 7136 4474 535 8939 3969
19 1269 3976 2904 7554 2245 4656 5642 1294 177 9900 4838 9519 4998 5202 7138 4755 5623 9865 4177
11 6039 2110 4654 6713 8571 3837 1479 3644 662 9129 7601
7 8520 7082 825 856 2660 5653 1478
31 3457 2026 4980 417 7710 4854 6971 5844 5835 1891 5155 350 4323 4614 5882 3628 357 6167 1302 3320 793 5078 1575 2779 1802 3059 1699 6595 1454 1195 8850
29 8728 4537 9543 4404 6076 1721 9623 7532 397 8911 9462 1743 2996 3483 3551 7121 3725 7388 6797 1877 54 2361 3998 6990 1903 421 778 7899 8654
27 4687 9246 9869 7323 9450 3789 7901 2817 8378 7988 2122 8857 6982 8646 6820 3406 7708 7832 7914 8052 2876 850 5987 5521 4193 2475 3288
32 3564 6493 206 7236 977 6886 9564 4744 516 281 5301 8534 7394 3201 1424 510 2611 8297 8643 5085 1964 1608 4726 3322 6195 8685 5613 3931 5361 9635 455 8618
30 580 6752 4836 881 8542 8953 8193 1255 3645 1748 8767 740 1690 6234 1810 3525 2485 2226 4900 2759 3745 3180 9494 7568 6492 5499 3279 8582 6073 2773
30 6649 5990 5636 601 152 475 5050 2160 6784 3793 5702 3373 4206 8103 215 6301 4515 6406 3392 5357 3982 2851 5739 1375 228 1821 8606 7533 1001 9796
33 61 2006 5554 7557 381 100 4639 8324 9156 2220 1197 4802 5340 2861 7949 6171 26 8181 5595 1382 3235 7723 9777 9437 5035 8443 6632 5144 9203 7184 5443 2698 9117
29 4788 7451 3129 4064 7683 5539 5036 7041 444 5764 2766 3509 8721 7004 9541 9447 3660 2894 5550 4081 6549 5216 3324 4996 3522 960 4324 1586 3158
34 5161 9685 4630 1233 6771 9130 6762 9440 9248 6156 2906 7592 2513 2601 15 7062 7743 72 9955 1277 9327 8930 801 8041 7835 5325 2257 8269 598 1909 2363 9210 2964 3619
24 6456 5818 2147 4629 2984 9478 6104 2933 6692 3269 305 9119 5128 6284 5956 6204 5741 2070 251 763 170 7980 265 224
29 8179 4437 1177 7337 7840 1369 156 6659 5907 9300 7724 3121 3079 1982 4978 7340 3387 3081 1538 6371 6525 6448 6099 5515 9956 5773 7946 7756 1009
27 6952 1651 482 1500 8059 992 9276 6484 4449 9789 4263 3163 2144 7099 7921 1925 9899 4151 5346 631 2259 6057 3688 2349 479 1813 685
21 7877 8435 2657 8285 6503 4139 8742 2404 7456 4969 5684 2910 3135 5391 7016 2197 6938 6869 4238 7767 6834
14 7799 1192 5475 3383 8356 5867 8142 6209 2287 869 8717 6819 3985 3741
27 489 1090 9805 4228 9477 2217 5169 524 9322 7205 5804 686 8153 8763 3336 743 1131 5492 5912 5328 4769 9154 8825 4040 5020 1653 757
10 9207 1874 2209 9362 2722 1396 1979 8107 8047 3559
4 8184 8088 5138 5586
28 8420 2436 1218 6058 3542 9610 8037 8652 382 7924 8502 5527 7788 7651 9739 5427 1395 3144 9904 3096 6954 9898 6250 1837 3898 8100 6917 737
22 8675 3138 3830 4705 2997 141 560 8981 2702 2541 8235 9791 8790 3529 6539 2961 392 1207 1972 4348 5449 7467
16 6424 5744 4848 7874 8192 3809 2721 5641 9961 9794 1726 7722 3214 770 1698 8535
34 5245 9412 1640 5668 8368 5584 4880 629 7081 9632 9611 897 408 9366 9821 2137 2560 1224 5349 7538 7652 1704 1673 345 2822 9787 9189 6693 9486 635 7395 82 5173 3656
23 6160 1973 4366 7414 543 7529 7389 6240 7626 7072 8668 752 9903 6388 9931 2347 9147 3630 4817 4298 5659 3480 6405
4 7468 8394 7694 3861
15 1866 3160 2782 4003 2952 4643 6896 2320 9952 5310 5933 7898 7370 8693 1555
16 3692 7104 7372 802 6903 4205 2979 546 7103 9701 9823 862 9968 3341 7713 6241
18 8578 2480 3754 8746 6905 4453 6921 7009 1435 201 6077 733 3506 8476 4738 7584 651 2265
12 9121 9021 1548 4576 6022 5549 1878 1663 8365 6955 8538 7235
21 1993 5572 7249 5347 6729 646 5838 1143 8108 8392 5106 6867 7022 9621 6792 868 5414 4308 4067 8044 9999
24 3239 2788 9078 7572 640 3502 2732 6407 3609 8510 9379 1639 5268 2086 3473 6312 7819 8844 8661 5098 8305 1156 4928 4604
33 9901 8449 2780 7085 1684 4652 85 159 9458 6163 4879 4895 6106 8918 6857 4916 6920 8099 8969 2433 8764 3736 2454 888 8315 5068 705 5322 3113 6624 7283 4671 6063
19 7911 315 3263 7567 8940 161 4958 5553 4361 7258 6796 7603 4192 8641 7597 8106 3994 3274 58
28 9411 864 5757 2056 1913 5241 5622 7562 5323 1096 7296 3339 1468 8593 4947 8583 4745 451 8771 4609 7200 9760 4735 299 7350 6339 6603 2516
10 1563 2132 6426 2248 7339 2309 8428 1603 3999 2758
22 4882 3951 3354 57 5107 3993 6380 3839 7907 8506 6120 6696 8705 6861 4457 9480 6513 2892 8221 6504 9053 7773
9 5902 6877 4154 6000 6526 1352 3205 8968 3207
21 7229 3170 5307 2787 7448 2362 1412 7197 1338 7474 8109 8444 6386 8261 4893 5180 4290 2244 7142 8402 3791
15 4066 3384 3017 7444 9708 855 4272 4082 2298 4759 4273 983 5273 1378 4140
16 6965 3459 8440 2167 6985 7684 589 2069 4991 3337 9585 8308 6 6650 8321 8171
14 610 8104 9631 5888 6575 3778 5298 6333 8072 4843 592 8599 558 2620
32 7318 2106 720 935 9180 2930 3326 5847 6416 3646 1448 695 4219 5929 8141 1125 7879 6347 4166 6773 7331 5114 8777 1691 2022 7821 0 7261 9577 9776 1966 2172
20 2429 8699 1267 5892 9018 572 4607 8761 969 7764 163 1907 5556 9917 7782 8048 3164 2317 7439 9803
15 6633 328 4717 6066 9844 7497 576 3801 1666 5469 7469 2820 6964 1751 3737
13 2278 7575 3536 5687 2258 9488 8658 1894 3676 4197 9004 3533 2530
31 2774 1852 6255 3554 849 657 115 9027 2035 9238 8293 4594 8004 8067 4106 6974 723 3027 8349 9618 4908 5096 6291 5319 3349 6691 3218 8941 9131 8154 6260
26 9020 3196 6208 4029 5690 2802 4327 9641 7564 5824 463 8620 9784 6116 173 2398 7790 7966 738 1183 4215 5916 123 1760 1089 6143
12 2418 7671 351 4516 3523 913 7332 5895 2019 3128 4909 5046
26 9291 4648 428 9071 9199 3532 4270 5514 2612 3075 7222 4988 5919 7003 8248 1577 3183 9051 3287 5461 3641 6010 4451 3780 6465 3284
29 9626 842 3396 9769 1386 9492 4318 4786 1422 5123 1568 1428 5004 3447 946 814 815 3242 9415 7688 9713 8625 1641 6779 4861 9387 5293 1359 7739
10 9187 1734 8040 4558 476 8397 7304 638 1950 1633
27 8509 271 8588 4405 3477 8785 9151 6907 6864 2383 561 9880 6829 8810 1533 8003 8097 2692 4391 8295 6941 3151 131 5873 2677 8862 2152
11 4586 5856 5507 9549 3537 5628 8303 5272 6889 7937 5842
27 4644 2654 1595 8644 6218 2948 8312 4832 5072 9902 1926 2834 4468 4191 5321 2344 747 3379 7845 5429 9145 3046 2138 1055 3984 3612 6524
6 2327 2928 8157 6021 1430 2591
23 4098 7846 4080 9557 1647 3732 2434 5082 7315 3981 5619 6562 3534 6833 5529 8136 5396 2936 503 5742 4844 1473 4883
8 7227 3246 4994 9301 5294 4599 5571 4818
10 6694 9087 4507 9954 788 9427 13 6665 5894 758
22 219 400 3557 4953 9842 3513 4696 9812 2680 7754 52 1328 612 9706 6020 7094 2584 5258 3399 9664 9076 7621
10 2176 3774 5570 9501 9808 7051 6616 5460 7731 6470
21 1815 8566 435 4028 4645 5913 7466 6279 1561 4651 8540 7588 4985 4395 2676 6254 2427 2369 5281 6795 2755
9 3008 499 9754 3213 6318 6947 5747 829 7482
14 5222 8713 4815 9483 8598 8457 4434 51 9258 5825 9277 4779 3097 707
25 8271 1689 4673 4410 7685 5601 9068 7643 1459 7659 2501 4489 7007 4487 5171 6382 532 8975 9986 6509 6621 7969 8371 2208 5055
28 9670 9768 1054 5732 1465 986 595 643 2407 6699 9479 5958 3 1296 4567 7871 9697 5403 3545 5418 5561 2005 3063 6351 9878 6895 7789 998
25 2944 4255 4666 2180 2171 8038 1790 8883 7918 4805 7735 8169 4754 6667 4626 1919 6355 2127 6468 4797 148 9461 7869 4013 5646
9 6361 2736 9997 8311 5047 2329 9281 7223 3620
14 3321 6274 3902 2063 8716 416 5932 5148 2157 7044 3248 3042 4310 5029
12 3647 1325 5052 9665 8839 9352 1068 9279 1851 9217 1574 9910
23 8564 8426 6473 2442 2059 1565 1725 711 7516 9882 4068 4942 4430 3154 7939 9218 9958 8927 2058 5936 8633 8568 1190
4 7716 8231 1765 7972
15 113 5510 3403 7870 3972 7232 9138 2288 101 7863 5806 2098 5536 316 3120
22 6913 6455 5090 6984 6305 8403 8804 7118 1768 3624 7267 4128 6838 243 5157 3832 1945 2155 4590 334 6555 3367
33 6607 1489 5205 6922 7434 6261 3949 8272 2107 1799 9694 3285 9143 5664 9442 1818 9848 917 53 3419 4131 7225 4116 2746 9971 1136 885 3543 7831 9311 7766 343 2993
14 3168 8792 5626 9819 1319 884 9040 6972 1149 8251 7784 5174 3032 8091
32 2313 5393 2566 6413 6739 2937 5866 1152 9195 9357 7037 9441 3454 6743 4625 5166 8242 8532 528 2699 2201 1712 7170 5960 4753 2943 3087 8880 3665 9703 4918 2225
11 1724 4352 8998 9992 3211 9240 6165 1668 361 8304 3560
34 5402 6851 1527 4088 9064 751 4541 1494 9505 8058 6800 7045 5386 7262 1394 3216 4560 149 2739 5518 5965 6653 4757 4922 3240 4252 3423 6007 1403 4785 8607 5125 5606 626
21 6900 2426 6125 1201 7492 3232 9836 8505 9167 196 8334 581 5217 5355 8584 9893 7519 4837 8919 3766 5578
6 2507 5746 4867 4011 1744 4321
11 5343 1778 3292 7106 5880 4517 9667 4276 4608 7910 5067
21 3667 3029 9890 8419 6438 6969 7191 6672 9159 1348 9208 4628 3772 8826 4085 2268 2595 5878 8553 8430 1003
30 554 9974 1010 8823 3565 1175 4372 3169 1942 3946 138 6868 7610 2340 3912 1053 6174 4097 632 6707 8170 5056 2194 1906 7426 5316 8959 4305 7393 8666
6 7088 2711 7430 3022 4887 3848
30 8587 5721 933 6615 2033 9134 2386 1098 81 777 5041 4747 7998 7189 6131 2719 5552 4960 6264 1274 3011 1360 4732 5820 673 5893 2182 4962 7175 9374
20 6418 8073 6338 5621 9538 8642 300 2075 6850 6391 754 274 9330 2931 1463 7542 2016 8954 7 9693
34 9698 8323 4761 3114 9171 3802 2076 4497 3675 396 4247 6677 6680 4330 9113 9547 9185 6483 7549 870 9788 9173 8202 8971 973 1091 4731 4315 8463 6623 411 590 8375 5855
22 8698 1635 3786 69 5719 1222 6705 1324 9647 1110 7697 7361 1203 6253 1981 7341 4591 3277 4168 6675 3244 7581
30 6780 5112 5748 6186 7579 6967 3439 8028 9160 4701 6891 806 4464 9835 748 3823 8852 9308 276 87 2392 9088 3637 9726 2819 8163 5760 2839 9536 2508
31 6767 9851 1804 9680 3319 5495 6313 7425 542 9438 7221 3476 8105 8291 5097 9221 836 67 5680 8828 2493 3642 38 8491 6510 8369 1354 3310 5493 5988 4540
9 6044 3202 7813 7719 7335 1718 8947 7133 5647
37 4056 7357 409 4050 7277 671 3190 8116 6013 5116 2174 8691 8446 6674 9994 5364 1308 4963 8427 7107 8280 3000 6429 5286 3001 8206 1812 8174 2013 2211 2656 5874 4185 2286 5542 4292 962
29 2531 5487 5887 7934 6537 1509 3770 4195 40 8638 8159 6681 2561 3222 4237 1999 3805 9055 3864 2987 5871 5869 6702 4399 8078 1758 327 3945 2321
20 3410 5332 7926 5532 4092 9043 2351 9448 4175 3407 5648 8818 2985 6136 2704 401 6911 1614 1052 7204
23 5881 4223 150 119 6425 4957 6648 5088 8300 7715 4031 509 4224 3394 4473 1681 5565 9298 547 5969 1559 6185 5030
15 1879 3424 6536 266 7922 9576 2355 9561 4355 3498 8904 3077 894 3962 2430
36 8086 8447 4207 8085 9527 1349 8190 8485 5009 121 8952 4734 3924 4073 279 2956 2299 6006 4289 8669 8498 9032 9009 574 6419 2014 1754 2450 8986 140 1398 5458 840 2410 5244 2724
27 8189 9274 3462 9947 5477 2041 2981 4532 9319 1104 890 6946 684 6863 1486 4740 1976 654 1244 3365 5215 259 623 4901 831 9391 6477
19 2828 2784 7631 6475 7174 7548 8597 5579 2453 4584 586 1861 8605 6384 6789 4729 1573 7348 8374
13 1794 1625 7574 497 9497 6062 1872 6582 8901 2 338 1844 8891
19 7849 8629 2690 511 5656 4171 1613 1168 7971 9272 1061 1085 7932 1680 440 5884 5118 204 8217
18 394 3104 9586 7382 6652 8671 2665 374 5899 8014 1391 7613 1327 4296 2890 7460 4338 5937
10 6269 3067 8346 8133 1102 7535 1475 9031 6190 1722
3 6843 9459 7376
18 5027 7346 5250 7065 3256 5911 5738 8006 2619 4465 4691 955 4242 8327 8461 8905 8622 3289
28 7709 4170 7637 5712 8682 241 1487 3393 7812 352 6103 4282 7920 8963 133 5658 6785 2274 7820 1450 5778 2303 6157 2844 2500 7954 5051 3870
26 7188 166 1955 956 8348 7916 9263 9133 9912 294 2374 1980 7178 9270 5134 8432 2295 2365 6860 5989 3716 3385 4572 8657 3275 492
27 1332 2963 8309 5663 3036 5263 292 8118 8938 4415 8895 2959 594 7250 9969 2282 5164 2965 4972 1356 7431 5395 480 4904 5817 702 295
